6
00 0 0 0  00 1 0 0  00 2 0 0  00 3 0 0  00 4 0 0  00 5 0 0
00 0 1 0  00 1 1 0  00 2 1 0  00 3 1 0  00 4 1 0  00 5 1 0
00 0 2 0  00 1 2 0  00 2 2 0  00 3 2 0  00 4 2 0  00 5 2 0
00 0 3 0  00 1 3 0  00 2 3 0  00 3 3 0  00 4 3 0  00 5 3 0
00 0 4 0  00 1 4 0  00 2 4 0  00 3 4 0  00 4 4 0  00 5 4 0
00 0 5 0  00 1 5 0  00 2 5 0  00 3 5 0  00 4 5 0  00 5 5 0

00 0 0 1  00 1 0 1  00 2 0 1  00 3 0 1  -1 4 0 1  -1 5 0 1
00 0 1 1  04 1 1 1  04 2 1 1  04 3 1 1  04 4 1 1  -1 5 1 1
00 0 2 1  04 1 2 1  -1 2 2 1  -1 3 2 1  04 4 2 1  -1 5 2 1
00 0 3 1  04 1 3 1  -1 2 3 1  -1 3 3 1  04 4 3 1  -1 5 3 1
-1 0 4 1  04 1 4 1  04 2 4 1  04 3 4 1  04 4 4 1  -1 5 4 1
-1 0 5 1  -1 1 5 1  -1 2 5 1  -1 3 5 1  -1 4 5 1  -1 5 5 1

-1 0 0 2  -1 1 0 2  -1 2 0 2  -1 3 0 2  -1 4 0 2  -1 5 0 2
-1 0 1 2  02 1 1 2  02 2 1 2  02 3 1 2  02 4 1 2  -1 5 1 2
-1 0 2 2  02 1 2 2  -1 2 2 2  -1 3 2 2  06 4 2 2  -1 5 2 2
-1 0 3 2  02 1 3 2  -1 2 3 2  -1 3 3 2  02 4 3 2  -1 5 3 2
-1 0 4 2  02 1 4 2  02 2 4 2  06 3 4 2  02 4 4 2  -1 5 4 2
-1 0 5 2  -1 1 5 2  -1 2 5 2  -1 3 5 2  -1 4 5 2  -1 5 5 2

-1 0 0 3  03 1 0 3  03 2 0 3  03 3 0 3  03 4 0 3  -1 5 0 3
-1 0 1 3  02 1 1 3  02 2 1 3  02 3 1 3  02 4 1 3  -1 5 1 3
-1 0 2 3  02 1 2 3  -1 2 2 3  -1 3 2 3  02 4 2 3  -1 5 2 3
-1 0 3 3  02 1 3 3  -1 2 3 3  -1 3 3 3  02 4 3 3  -1 5 3 3
-1 0 4 3  02 1 4 3  02 2 4 3  02 3 4 3  02 4 4 3  -1 5 4 3
-1 0 5 3  03 1 5 3  03 2 5 3  03 3 5 3  03 4 5 3  -1 5 5 3

-1 0 0 4  -1 1 0 4  -1 2 0 4  -1 3 0 4  -1 4 0 4  -1 5 0 4
-1 0 1 4  03 1 1 4  03 2 1 4  03 3 1 4  03 4 1 4  -1 5 1 4
-1 0 2 4  02 1 2 4  -1 2 2 4  -1 3 2 4  02 4 2 4  -1 5 2 4
-1 0 3 4  02 1 3 4  -1 2 3 4  -1 3 3 4  02 4 3 4  -1 5 3 4
-1 0 4 4  03 1 4 4  03 2 4 4  03 3 4 4  03 4 4 4  -1 5 4 4
-1 0 5 4  -1 1 5 4  -1 2 5 4  -1 3 5 4  -1 4 5 4  -1 5 5 4

-1 0 0 5  -1 1 0 5  -1 2 0 5  -1 3 0 5  -1 4 0 5  -1 5 0 5
-1 0 1 5  -1 1 1 5  -1 2 1 5  -1 3 1 5  -1 4 1 5  -1 5 1 5
-1 0 2 5  03 1 2 5  03 2 2 5  03 3 2 5  03 4 2 5  -1 5 2 5
-1 0 3 5  03 1 3 5  03 2 3 5  03 3 3 5  03 4 3 5  -1 5 3 5
-1 0 4 5  -1 1 4 5  -1 2 4 5  -1 3 4 5  -1 4 4 5  -1 5 4 5
-1 0 5 5  -1 1 5 5  -1 2 5 5  -1 3 5 5  -1 4 5 5  -1 5 5 5