57
4 0 6 0  0 0 7 0  0 0 8 0  0 0 9 0  0 0 10 0  0 0 11 0  
4 1 6 0  4 1 6 1  4 1 6 2  0 1 7 0  0 1 8 0  0 1 9 0  
0 1 10 0  0 1 11 0  4 2 6 0  4 2 6 1  4 2 6 2  4 2 6 3  
4 2 6 4  0 2 7 0  4 2 7 2  0 2 8 0  0 2 9 0  0 2 10 0  
0 2 11 0  4 3 6 0  4 3 6 1  4 3 6 2  4 3 6 3  0 3 7 0  
4 3 7 1  4 3 7 2  4 3 7 3  0 3 8 0  0 3 9 0  0 3 10 0  
0 3 11 0  0 4 6 0  4 4 6 1  4 4 6 2  0 4 7 0  4 4 7 1  
0 4 8 0  4 4 8 1  0 4 9 0  0 4 10 0  0 4 11 0  0 5 6 0  
4 5 6 1  0 5 7 0  4 5 7 1  0 5 8 0  4 5 8 1  4 5 8 2  
0 5 9 0  0 5 10 0  0 5 11 0  