105
0 0 18 0  0 0 19 0  0 0 20 0  0 0 21 0  0 0 22 0  0 0 23 0  
0 1 18 0  0 1 19 0  0 1 20 0  0 1 21 0  0 1 22 0  0 1 23 0  
0 2 18 0  0 2 19 0  0 2 19 1  0 2 20 0  0 2 20 1  7 2 20 2  
7 2 20 3  4 2 20 4  7 2 20 5  0 2 21 0  0 2 21 1  7 2 21 2  
4 2 21 3  7 2 21 4  4 2 21 5  7 2 21 6  0 2 22 0  0 2 22 1  
4 2 22 2  7 2 22 3  7 2 22 4  7 2 22 5  4 2 22 6  0 2 23 0  
0 2 23 1  7 2 23 2  4 2 23 3  4 2 23 4  4 2 23 5  4 2 23 6  
0 3 18 0  0 3 19 0  0 3 19 1  0 3 20 0  0 3 20 1  7 3 20 2  
7 3 20 3  4 3 20 4  7 3 20 5  0 3 21 0  0 3 21 1  4 3 21 2  
4 3 21 3  4 3 21 4  4 3 21 5  0 3 22 0  0 3 22 1  4 3 22 4  
0 3 23 0  0 3 23 1  4 3 23 2  4 3 23 3  7 3 23 6  0 4 18 0  
0 4 19 0  0 4 19 1  0 4 20 0  0 4 20 1  4 4 20 2  7 4 20 3  
7 4 20 4  7 4 20 5  0 4 21 0  0 4 21 1  4 4 21 2  7 4 21 3  
7 4 21 4  4 4 21 5  7 4 21 6  0 4 22 0  0 4 22 1  4 4 22 2  
4 4 22 3  4 4 22 4  4 4 22 5  4 4 22 6  0 4 23 0  0 4 23 1  
7 4 23 2  4 4 23 3  4 4 23 4  4 4 23 5  7 4 23 6  0 5 18 0  
0 5 19 0  0 5 20 0  0 5 21 0  0 5 21 1  0 5 22 0  0 5 22 1  
4 5 22 6  0 5 23 0  0 5 23 1  