56
0 6 0 0  0 6 1 0  0 6 2 0  0 6 3 0  4 6 3 13  0 6 4 0  
4 6 4 12  4 6 4 13  0 6 5 0  4 6 5 11  4 6 5 12  0 7 0 0  
0 7 1 0  0 7 2 0  0 7 3 0  0 7 4 0  4 7 4 13  0 7 5 0  
4 7 5 13  0 8 0 0  0 8 1 0  0 8 2 0  0 8 3 0  0 8 4 0  
4 8 4 13  0 8 5 0  0 9 0 0  0 9 1 0  0 9 2 0  4 9 2 3  
0 9 3 0  4 9 3 2  4 9 3 3  0 9 4 0  4 9 4 1  4 9 4 2  
4 9 4 13  0 9 5 0  4 9 5 1  4 9 5 13  0 10 0 0  0 10 1 0  
0 10 2 0  4 10 2 3  0 10 3 0  0 10 4 0  4 10 4 13  0 10 5 0  
0 11 0 0  0 11 1 0  0 11 2 0  4 11 2 3  0 11 3 0  0 11 4 0  
4 11 4 13  0 11 5 0  