74
0 6 6 0  0 6 7 0  0 6 8 0  0 6 9 0  4 6 9 3  4 6 9 4  
0 6 10 0  0 6 11 0  0 7 6 0  0 7 7 0  0 7 8 0  0 7 9 0  
4 7 9 1  4 7 9 2  4 7 9 3  0 7 10 0  0 7 11 0  0 8 6 0  
0 8 7 0  0 8 8 0  4 8 8 1  4 8 8 2  4 8 8 3  4 8 8 4  
0 8 9 0  4 8 9 1  4 8 9 2  4 8 9 3  0 8 10 0  4 8 10 1  
4 8 10 2  4 8 10 3  4 8 10 4  0 8 11 0  0 9 6 0  4 9 6 1  
4 9 6 2  0 9 7 0  4 9 7 1  4 9 7 2  4 9 7 3  0 9 8 0  
4 9 8 1  4 9 8 2  4 9 8 3  0 9 9 0  0 9 10 0  4 9 10 1  
4 9 10 2  4 9 10 3  0 9 11 0  0 10 6 0  0 10 7 0  0 10 8 0  
4 10 8 1  4 10 8 2  4 10 8 3  4 10 8 4  0 10 9 0  4 10 9 1  
4 10 9 2  4 10 9 3  0 10 10 0  4 10 10 1  4 10 10 2  4 10 10 3  
4 10 10 4  0 10 11 0  0 11 6 0  0 11 7 0  0 11 8 0  0 11 9 0  
0 11 10 0  0 11 11 0  