88
0 6 18 0  0 6 19 0  0 6 20 0  0 6 21 0  0 6 22 0  0 6 22 1  
7 6 22 2  7 6 22 3  4 6 22 4  4 6 22 5  4 6 22 6  0 6 23 0  
0 6 23 1  0 7 18 0  0 7 19 0  0 7 20 0  3 7 20 4  0 7 21 0  
3 7 21 5  0 7 22 0  3 7 22 4  0 7 23 0  0 8 18 0  0 8 19 0  
0 8 20 0  2 8 20 1  2 8 20 2  2 8 20 3  3 8 20 4  0 8 21 0  
2 8 21 1  2 8 21 2  2 8 21 3  3 8 21 5  0 8 22 0  2 8 22 1  
2 8 22 2  2 8 22 3  3 8 22 4  0 8 23 0  0 9 18 0  0 9 19 0  
0 9 20 0  2 9 20 3  3 9 20 4  0 9 21 0  3 9 21 4  3 9 21 5  
0 9 22 0  2 9 22 1  6 9 22 2  2 9 22 3  3 9 22 4  0 9 23 0  
0 10 18 0  2 10 19 0  0 10 20 0  2 10 20 1  2 10 20 2  2 10 20 3  
3 10 20 4  0 10 21 0  3 10 21 3  3 10 21 5  0 10 22 0  2 10 22 1  
2 10 22 2  2 10 22 3  3 10 22 4  0 10 23 0  0 11 18 0  0 11 19 0  
0 11 20 0  2 11 20 1  2 11 20 2  2 11 20 3  3 11 20 4  0 11 21 0  
2 11 21 1  6 11 21 2  2 11 21 3  3 11 21 5  0 11 22 0  2 11 22 1  
2 11 22 2  2 11 22 3  3 11 22 4  0 11 23 0  